# Reward progress & penalize off track

import math


class Reward:
    def __init__(self, verbose=False):
        self.verbose = verbose

    def reward_function(self, params):
        racingLine = [[2.88738855, 0.72646774],
                      [3.16759122, 0.70478649],
                      [3.45517317, 0.69217863],
                      [3.75325158, 0.68581005],
                      [4.07281434, 0.68360819],
                      [4.50000223, 0.68376092],
                      [4.54999507, 0.68377879],
                      [5.11738115, 0.69080411],
                      [5.44798256, 0.7112322],
                      [5.71126558, 0.7422347],
                      [5.94137211, 0.78496462],
                      [6.1491271, 0.84078035],
                      [6.33675893, 0.91066736],
                      [6.50351669, 0.99483994],
                      [6.64762588, 1.09336367],
                      [6.76714849, 1.20640158],
                      [6.85790417, 1.33508669],
                      [6.92193762, 1.47646609],
                      [6.96026824, 1.62797346],
                      [6.96689958, 1.7888072],
                      [6.92976742, 1.95515434],
                      [6.85379617, 2.11910271],
                      [6.72693273, 2.26841633],
                      [6.56582731, 2.3979065],
                      [6.38075512, 2.50632652],
                      [6.18037171, 2.5960265],
                      [5.97126499, 2.67207187],
                      [5.75829177, 2.74110301],
                      [5.55841177, 2.81013238],
                      [5.36004947, 2.88360578],
                      [5.16333131, 2.96218803],
                      [4.96844903, 3.04682634],
                      [4.77552032, 3.13832543],
                      [4.5846244, 3.2374528],
                      [4.39562481, 3.34419701],
                      [4.20825035, 3.45789343],
                      [4.02216522, 3.57740375],
                      [3.83712807, 3.70184192],
                      [3.68186141, 3.80970389],
                      [3.52529227, 3.91179837],
                      [3.36674073, 4.00606413],
                      [3.20532486, 4.09041474],
                      [3.0401252, 4.16335643],
                      [2.87024421, 4.22393077],
                      [2.69486335, 4.27162279],
                      [2.51319321, 4.30602365],
                      [2.32452568, 4.32672382],
                      [2.12696309, 4.33080298],
                      [1.91810508, 4.31381212],
                      [1.69471913, 4.26740868],
                      [1.45416273, 4.17400849],
                      [1.21119005, 4.00653223],
                      [1.01922953, 3.74402202],
                      [0.92220549, 3.42050544],
                      [0.88926604, 3.10443889],
                      [0.89600747, 2.82076036],
                      [0.92404943, 2.56281185],
                      [0.96605253, 2.32460305],
                      [1.01802833, 2.11228544],
                      [1.08079017, 1.91512981],
                      [1.15513698, 1.73107571],
                      [1.24162317, 1.56014807],
                      [1.34112998, 1.40323884],
                      [1.45472589, 1.2610932],
                      [1.58653095, 1.13641183],
                      [1.74472608, 1.03228688],
                      [1.92655529, 0.94305481],
                      [2.13282228, 0.86779425],
                      [2.36411252, 0.80679887],
                      [2.61751276, 0.75992145]]


        edminv = [[11.4219584, -8.13305294, 4.95258563, -2.68421398, 1.3375101, -2.95398025, 2.63264218, -0.1551165, 0.170793831, -0.224163188, 0.294174435, -0.377695991, 0.473049762, -0.56989218, 0.643408482, -0.663931918, 0.609877861, -0.487524704, 0.335125886, -0.200301965, 0.109067981, -0.0571103369, 0.0300043934, -0.017358816, 0.0109385859, -0.00747570651, 0.00553880378, -0.00455076431, 0.00392260376, -0.00330193369, 0.00280325718, -0.00244746517, 0.00223862671, -0.00218518138, 0.00231703112, -0.00271918456, 0.00364451085, -0.00617185674, 0.0102486833, -0.0151015145, 0.0208545543, -0.0271908532, 0.0333531055, -0.0383016675, 0.0410595939, -0.0410630871, 0.038273344, -0.033283023, 0.0272794632, -0.0217134273, 0.018332425, -0.0192569435, 0.0279022521, -0.0538024867, 0.121227906, -0.27537532, 0.602426025, -1.29855863, 2.58360351, -4.64938002, 7.67865938, -11.6606781, 16.1016029, -19.8752412, 21.5428193, -20.6862747, 18.3182798, -15.6645581, 13.6712507, -12.5496392], [-8.13305294, 8.20892331, -5.8179786, 3.34585338, -1.7038446, 3.7924067, -3.38137154, 0.199559355, -0.219760365, 0.288443467, -0.378537809, 0.486015413, -0.608716766, 0.733330869, -0.827924828, 0.854322703, -0.784750864, 0.627292541, -0.4311767, 0.257682378, -0.140283354, 0.0734260637, -0.0385457977, 0.0222681748, -0.0139961301, 0.00952245176, -0.0070011041, 0.00567815322, -0.00479863947, 0.00391746708, -0.00317687012, 0.00259902302, -0.00218187209, 0.00192190583, -0.00182667292, 0.00193473418, -0.00238191779, 0.0037860033, -0.00605257607, 0.00868577289, -0.0117793939, 0.01516999, -0.0184519721, 0.0210679023, -0.0224956778, 0.0224364448, -0.0208731688, 0.0181284856, -0.014845748, 0.0118100076, -0.00996757431, 0.0104682673, -0.0151667768, 0.0292447658, -0.0658949765, 0.149688848, -0.327490633, 0.706013332, -1.40497239, 2.52918549, -4.17921579, 6.35151204, -8.78108348, 10.8592802, -11.8048675, 11.3893861, -10.1668633, 8.82173554, -7.92425593, 7.7384441], [4.95258563, -5.8179786, 6.22722227, -4.19335171, 2.25841619, -5.12661961, 4.5761397, -0.271193721, 0.298755958, -0.392172658, 0.514691901, -0.660843856, 0.827693713, -0.997141951, 1.12576702, -1.16165815, 1.06705034, -0.852937157, 0.586261135, -0.350348159, 0.190713592, -0.0998044044, 0.0523751827, -0.0302382467, 0.0189839248, -0.0128902248, 0.00944449457, -0.00761480877, 0.0063763567, -0.00512890258, 0.00406280105, -0.00320539265, 0.00254953152, -0.00208186036, 0.00179417323, -0.00169660635, 0.00186064995, -0.00266622188, 0.00396893107, -0.00539277989, 0.00702588531, -0.00879194751, 0.0104792043, -0.011795698, 0.0124704389, -0.0123518381, 0.0114363787, -0.00990001109, 0.00808932675, -0.00642578571, 0.00541838476, -0.00568775832, 0.00823893708, -0.0158854534, 0.0357930997, -0.0813094211, 0.177894556, -0.383530766, 0.763296678, -1.37425439, 2.27130835, -3.45306122, 4.77637322, -5.91146001, 6.43419098, -6.22024949, 5.57153751, -4.86446116, 4.42342539, -4.43457971], [-2.68421398, 3.34585338, -4.19335171, 4.63190988, -2.93111017, 7.02164343, -6.28703325, 0.376809417, -0.415519453, 0.545614987, -0.716168388, 0.919595618, -1.15181983, 1.38765559, -1.56667514, 1.61663454, -1.48497602, 1.1869997, -0.815870416, 0.4875533, -0.265392081, 0.138875191, -0.0728681474, 0.042058455, -0.026392222, 0.0179055168, -0.0131000583, 0.0105357974, -0.00878753114, 0.00702281459, -0.00550479055, 0.00426987448, -0.0033055909, 0.00258836142, -0.0020960288, 0.00181811153, -0.00178829527, 0.00226783828, -0.00304648561, 0.00377434494, -0.00455112772, 0.00535549171, -0.00609022586, 0.0066199209, -0.00682260731, 0.00663542737, -0.00606490733, 0.00520317152, -0.00422551084, 0.00334292653, -0.00281166408, 0.00294736688, -0.00426692653, 0.00822558905, -0.0185330672, 0.0421003192, -0.0921107262, 0.198589546, -0.395243332, 0.711643665, -1.17627696, 1.78853062, -2.4744577, 3.06347791, -3.33603716, 3.22772659, -2.89507556, 2.53398025, -2.31561601, 2.34602767], [1.3375101, -1.7038446, 2.25841619, -2.93111017, 3.47333622, -9.88396685, 8.93694604, -0.554845029, 0.613732026, -0.806656105, 1.05925209, -1.36042613, 1.7041803, -2.05326166, 2.31825531, -2.39225137, 2.19746738, -1.75654146, 1.20734456, -0.721492267, 0.392729149, -0.205503289, 0.10782214, -0.0622269342, 0.0390408649, -0.0264780621, 0.0193607141, -0.015555444, 0.0129537373, -0.0103253847, 0.00805876458, -0.006206809, 0.00474957166, -0.00364923339, 0.00286670671, -0.00237205869, 0.00217654197, -0.00250990502, 0.00305553875, -0.00339734104, 0.00366942848, -0.00388998086, 0.00403097655, -0.00405092251, 0.00391898189, -0.00362900323, 0.003197343, -0.00267074391, 0.00212851445, -0.0016626421, 0.00138715323, -0.00144768737, 0.00209197084, -0.00403051054, 0.00907976632, -0.0206250038, 0.0451246186, -0.0972881977, 0.193629993, -0.348641466, 0.576288375, -0.876290921, 1.21245417, -1.50124514, 1.63511671, -1.58250879, 1.42014264, -1.24417126, 1.13904891, -1.1585476], [-2.95398025, 3.7924067, -5.12661961, 7.02164343, -9.88396685, 70.5725515, -67.8084528, 5.14442511, -5.78482066, 7.64199724, -10.0574072, 12.9318651, -16.2100231, 19.5380569, -22.0650303, 22.7729646, -20.9209533, 16.7243248, -11.4958958, 6.87002013, -3.73963003, 1.956851, -1.02669988, 0.592516625, -0.371717381, 0.252072906, -0.184275004, 0.148000312, -0.12317227, 0.0980820813, -0.0764244613, 0.058700014, -0.0447134216, 0.0340939321, -0.0264464891, 0.0214337538, -0.0190229262, 0.0208330054, -0.023829185, 0.0244177437, -0.023827103, 0.0224108314, -0.0203221187, 0.0177419959, -0.0149194926, 0.0121110238, -0.00949663827, 0.00719660274, -0.00531310849, 0.00392343596, -0.00315186803, 0.00321963028, -0.00461035786, 0.00885742697, -0.0199385123, 0.0452808036, -0.0990599218, 0.21356504, -0.425047388, 0.765320113, -1.26504752, 1.92363143, -2.66164518, 3.29575234, -3.5898859, 3.47476386, -3.11882775, 2.73328963, -2.50401013, 2.5504815], [2.63264218, -3.38137154, 4.5761397, -6.28703325, 8.93694604, -67.8084528, 66.3553745, -5.31695715, 6.0038678, -7.94157045, 10.457556, -13.4502855, 16.8626247, -20.3266403, 22.9570246, -23.6945372, 21.7681676, -17.4019114, 11.9618055, -7.14851657, 3.8912524, -2.03619987, 1.0683346, -0.616544733, 0.386790879, -0.262293513, 0.191744941, -0.153997307, 0.128159908, -0.102049339, 0.0795100136, -0.061062688, 0.0465038837, -0.0354473364, 0.0274809429, -0.0222513378, 0.0197181164, -0.0215404431, 0.0245595314, -0.0250524284, 0.0242951955, -0.0226638313, 0.0203365695, -0.0175276133, 0.0145204215, -0.0115959308, 0.00894258173, -0.00667095559, 0.00485811223, -0.00354866066, 0.00282881725, -0.00287652307, 0.00411095411, -0.00789309929, 0.0177648221, -0.040342313, 0.0882544784, -0.190267921, 0.378679048, -0.68183043, 1.12704147, -1.71378004, 2.37128574, -2.93622447, 3.19828333, -3.09573846, 2.778657, -2.43521648, 2.23102553, -2.27261525], [-0.1551165, 0.199559355, -0.271193721, 0.376809417, -0.554845029, 5.14442511, -5.31695715, 2.53512325, -3.26030887, 4.48858535, -6.0154484, 7.80755903, -9.83873695, 11.8964833, -13.4620474, 13.9122123, -12.7920178, 10.2320989, -7.03622994, 4.2061665, -2.29008792, 1.19852707, -0.628899305, 0.36296649, -0.227714882, 0.154419641, -0.11288187, 0.09065245, -0.0754328138, 0.0600508541, -0.046769729, 0.0358956482, -0.027308088, 0.0207781403, -0.0160599432, 0.0129380472, -0.0113688706, 0.012248862, -0.0137153567, 0.0136284644, -0.0127326247, 0.0112747429, -0.00941916724, 0.00737350583, -0.00538140883, 0.00365283933, -0.00230218461, 0.00134860943, -0.000745124632, 0.000405034838, -0.000243107866, 0.000199251665, -0.000255031363, 0.000471726205, -0.00105087088, 0.00237908781, -0.00519864713, 0.0112022329, -0.0222900009, 0.0401293365, -0.0663278207, 0.100854233, -0.139544942, 0.172789028, -0.188211145, 0.182179551, -0.16352544, 0.143323569, -0.131324208, 0.13381221], [0.170793831, -0.219760365, 0.298755958, -0.415519453, 0.613732026, -5.78482066, 6.0038678, -3.26030887, 8.11746358, -13.0882974, 18.7289923, -25.1279235, 32.2577473, -39.4386456, 44.9398788, -46.6543622, 43.0282794, -34.488509, 23.750704, -14.2127412, 7.74416188, -4.0551284, 2.12868234, -1.228883, 0.77109486, -0.522952861, 0.382304147, -0.307027299, 0.255482907, -0.203384754, 0.158399822, -0.12156616, 0.0924758803, -0.0703535353, 0.0543656769, -0.0437807425, 0.0384461194, -0.0413777434, 0.0462659097, -0.0458758739, 0.0427273641, -0.0376631471, 0.0312549651, -0.0242266892, 0.0174230664, -0.0115665682, 0.00704550599, -0.00391312948, 0.00198683675, -0.000944308447, 0.000462333821, -0.000295526106, 0.000314113624, -0.000537791543, 0.00117095395, -0.00263238583, 0.00573707593, -0.012348395, 0.0245574996, -0.0441989375, 0.0730423132, -0.111053055, 0.153647112, -0.190243617, 0.207218713, -0.20057511, 0.180036129, -0.157794475, 0.14458479, -0.147327596], [-0.224163188, 0.288443467, -0.392172658, 0.545614987, -0.806656105, 7.64199724, -7.94157045, 4.48858535, -13.0882974, 28.0262198, -45.4394057, 65.0008269, -86.5163736, 108.09653, -124.870084, 130.802429, -121.362533, 97.6734429, -67.456037, 40.450565, -22.0738387, 11.5710722, -6.07887725, 3.51115683, -2.20390044, 1.494978, -1.09303305, 0.877872099, -0.730519912, 0.581563252, -0.452935352, 0.347610243, -0.264424404, 0.2011616, -0.155438646, 0.125162537, -0.109893281, 0.118239976, -0.132159156, 0.130972522, -0.121884078, 0.107308593, -0.0888922346, 0.0687203677, -0.0492231141, 0.0324748504, -0.0195866264, 0.0107020236, -0.00528141254, 0.00238173773, -0.00105303779, 0.000562434196, -0.000488671728, 0.000748102159, -0.00156890266, 0.00348496707, -0.00756085274, 0.0162417034, -0.0322701733, 0.0580513461, -0.0959071213, 0.145791633, -0.20168827, 0.249710756, -0.271980243, 0.263252965, -0.236291644, 0.207098169, -0.189760426, 0.193361032], [0.294174435, -0.378537809, 0.514691901, -0.716168388, 1.05925209, -10.0574072, 10.457556, -6.0154484, 18.7289923, -45.4394057, 86.4988088, -136.297895, 192.175473, -248.797368, 294.013089, -312.658563, 293.053823, -237.491757, 164.820125, -99.1872327, 54.2666067, -28.4987297, 14.9921313, -8.66720402, 5.44337187, -3.69370105, 2.70115629, -2.16970081, 1.80563296, -1.43751114, 1.1195921, -0.859251792, 0.653626558, -0.497243944, 0.38421523, -0.309366633, 0.271607482, -0.292204516, 0.326554499, -0.323551093, 0.301001074, -0.264878429, 0.21926349, -0.16932638, 0.121088569, -0.0796861439, 0.0478662258, -0.0259751965, 0.0126619253, -0.00557419119, 0.00233841611, -0.0011122733, 0.00080508287, -0.00107237606, 0.00212769069, -0.00463793504, 0.00998928541, -0.0213896459, 0.0424342517, -0.0762736498, 0.125953614, -0.191412887, 0.264755071, -0.327757983, 0.356962451, -0.34549222, 0.310099094, -0.271781858, 0.249026469, -0.253750847], [-0.377695991, 0.486015413, -0.660843856, 0.919595618, -1.36042613, 12.9318651, -13.4502855, 7.80755903, -25.1279235, 65.0008269, -136.297895, 239.702094, -365.43993, 498.283129, -609.46877, 663.42352, -631.813772, 517.678762, -362.076806, 219.138117, -120.393063, 63.4129225, -33.4320153, 19.3554733, -12.1671915, 8.26088669, -6.04308271, 4.85503986, -4.04081722, 3.21720598, -2.50578573, 1.92315302, -1.4629436, 1.11293097, -0.859944878, 0.692408695, -0.607879604, 0.653943064, -0.730765241, 0.723967332, -0.673404185, 0.592452306, -0.490256519, 0.378405325, -0.270391804, 0.177720847, -0.106541938, 0.0576211435, -0.0279157183, 0.012138069, -0.00494817118, 0.00218928129, -0.00136687112, 0.00156122383, -0.00287175451, 0.00608611102, -0.0129619549, 0.0276161843, -0.0546567026, 0.0981170289, -0.161905092, 0.245940065, -0.340082088, 0.42093719, -0.458392613, 0.443630353, -0.398164811, 0.348955363, -0.319732849, 0.325795795], [0.473049762, -0.608716766, 0.827693713, -1.15181983, 1.7041803, -16.2100231, 16.8626247, -9.83873695, 32.2577473, -86.5163736, 192.175473, -365.43993, 605.88921, -882.31842, 1131.50772, -1273.66371, 1241.82242, -1034.40082, 732.081798, -446.952065, 247.129676, -130.762057, 69.1716407, -40.1360029, 25.2658056, -17.1689164, 12.565975, -10.0985715, 8.40636986, -6.69362605, 5.21377674, -4.00163668, 3.04410803, -2.31582065, 1.78940288, -1.44077989, 1.26487158, -1.36068331, 1.52047315, -1.50624391, 1.40092742, -1.23236447, 1.0195978, -0.786760117, 0.56194627, -0.369106683, 0.221038556, -0.119325713, 0.0576158567, -0.0248807896, 0.00997805048, -0.00422099021, 0.00235936903, -0.00231362537, 0.0038687481, -0.00787794397, 0.0164997426, -0.0348869663, 0.0687951736, -0.123253838, 0.203152481, -0.308385638, 0.426250448, -0.52745016, 0.574282817, -0.555724618, 0.498734255, -0.437074934, 0.400461724, -0.408049242], [-0.56989218, 0.733330869, -0.997141951, 1.38765559, -2.05326166, 19.5380569, -20.3266403, 11.8964833, -39.4386456, 108.09653, -248.797368, 498.283129, -882.31842, 1376.44444, -1869.84601, 2199.96022, -2215.84043, 1889.60991, -1360.51641, 841.363191, -469.65828, 250.205981, -133.023806, 77.4420349, -48.8528056, 33.2395907, -24.3466197, 19.5747028, -16.2986319, 12.97982, -10.1111023, 7.76080939, -5.90395659, 4.49154467, -3.4705842, 2.79442605, -2.45323394, 2.63902521, -2.9488745, 2.92118468, -2.7168057, 2.38974324, -1.97694699, 1.5252445, -1.08914697, 0.715119132, -0.427983007, 0.230799143, -0.11122384, 0.0478390207, -0.0189992435, 0.00781510919, -0.00403740723, 0.00344855341, -0.00516281414, 0.00996203421, -0.0203675089, 0.0425806283, -0.0835063417, 0.149162514, -0.245430427, 0.372175207, -0.514087729, 0.635879575, -0.692154486, 0.669669494, -0.600925895, 0.526594627, -0.482461361, 0.491590495], [0.643408482, -0.827924828, 1.12576702, -1.56667514, 2.31825531, -22.0650303, 22.9570246, -13.4620474, 44.9398788, -124.870084, 294.013089, -609.46877, 1131.50772, -1869.84601, 2696.82774, -3344.38466, 3512.58559, -3092.27238, 2280.57548, -1436.47344, 812.996057, -437.447484, 234.291215, -137.060223, 86.7278027, -59.1201766, 43.350978, -34.8767457, 29.0501423, -23.1398097, 18.0279472, -13.8384969, 10.5279904, -8.00958512, 6.18904279, -4.98329358, 4.37484745, -4.70613946, 5.25863057, -5.20915636, 4.8445638, -4.26117047, 3.52488655, -2.71924362, 1.94147452, -1.27445386, 0.762448815, -0.410905237, 0.197785504, -0.0848637515, 0.0335024902, -0.0135381611, 0.00662213501, -0.00503550601, 0.0066959194, -0.0120611717, 0.0238411561, -0.0490263562, 0.0953625986, -0.169572851, 0.27828117, -0.421321786, 0.581400723, -0.71868751, 0.781971105, -0.756365125, 0.678604452, -0.594599366, 0.544730111, -0.555016412], [-0.663931918, 0.854322703, -1.16165815, 1.61663454, -2.39225137, 22.7729646, -23.6945372, 13.9122123, -46.6543622, 130.802429, -312.658563, 663.42352, -1273.66371, 2199.96022, -3344.38466, 4382.58599, -4837.17941, 4435.82284, -3379.41115, 2183.94299, -1260.64836, 688.151229, -372.528658, 219.470755, -139.494695, 95.3474259, -70.0270894, 56.3907969, -46.994408, 37.44496, -29.1784141, 22.4002935, -17.0427623, 12.9664841, -10.019498, 8.06760203, -7.08260719, 7.61894191, -8.51334376, 8.43316027, -7.84278402, 6.89815815, -5.70600667, 4.40158795, -3.14234097, 2.06245018, -1.23358437, 0.664548016, -0.319637937, 0.136936936, -0.053855141, 0.0215139394, -0.0101356531, 0.00702349583, -0.00829689105, 0.0137483816, -0.0259556623, 0.0521147897, -0.100138896, 0.176851479, -0.289062443, 0.436579131, -0.601539947, 0.742860108, -0.807761122, 0.780985633, -0.7005058, 0.61368485, -0.562156253, 0.572737682], [0.609877861, -0.784750864, 1.06705034, -1.48497602, 2.19746738, -20.9209533, 21.7681676, -12.7920178, 43.0282794, -121.362533, 293.053823, -631.813772, 1241.82242, -2215.84043, 3512.58559, -4837.17941, 5623.62427, -5410.66974, 4295.92688, -2873.37292, 1704.50412, -949.53216, 521.89617, -310.564969, 198.644792, -136.298201, 100.329321, -80.8987667, 67.4680547, -53.7819727, 41.9199202, -32.1871242, 24.4912244, -18.6345093, 14.3998047, -11.5948098, 10.1792725, -10.9501435, 12.2355859, -12.120281, 11.2716713, -9.91389435, 8.20035671, -6.32548117, 4.51556827, -2.96348761, 1.77224722, -0.95449059, 0.458880546, -0.196398452, 0.077053102, -0.0305527466, 0.0140338365, -0.00906542834, 0.00960583025, -0.0144920535, 0.0257792063, -0.0500525829, 0.0944669752, -0.165127412, 0.268252977, -0.4036358, 0.554845622, -0.684165709, 0.743209004, -0.718108884, 0.643839738, -0.563892306, 0.516460676, -0.526133323], [-0.487524704, 0.627292541, -0.852937157, 1.1869997, -1.75654146, 16.7243248, -17.4019114, 10.2320989, -34.488509, 97.6734429, -237.491757, 517.678762, -1034.40082, 1889.60991, -3092.27238, 4435.82284, -5410.66974, 5479.36816, -4570.86555, 3196.40829, -1967.84851, 1127.85089, -633.376584, 382.29494, -246.720252, 170.201182, -125.684408, 101.531257, -84.7624363, 67.6099752, -52.7177168, 40.4870604, -30.8108504, 23.4448096, -18.1178459, 14.5890164, -12.8081414, 13.7782057, -15.3956697, 15.2505636, -14.1827131, 12.4741567, -10.3179404, 7.95872476, -5.68128069, 3.72830587, -2.22941688, 1.20051461, -0.576983688, 0.246789936, -0.0966706561, 0.038145043, -0.0172249491, 0.010570554, -0.0102022565, 0.0139537893, -0.0230702879, 0.0427842561, -0.0786700152, 0.135400613, -0.217901194, 0.325966295, -0.446432794, 0.549180049, -0.595648476, 0.57494227, -0.515138505, 0.450982002, -0.412941086, 0.42061301], [0.335125886, -0.4311767, 0.586261135, -0.815870416, 1.20734456, -11.4958958, 11.9618055, -7.03622994, 23.750704, -67.456037, 164.820125, -362.076806, 732.081798, -1360.51641, 2280.57548, -3379.41115, 4295.92688, -4570.86555, 4028.89098, -2978.92089, 1928.35701, -1150.50516, 666.352185, -410.51405, 268.358267, -186.566467, 138.397107, -112.096856, 93.7205939, -74.8213349, 58.3716812, -44.8436915, 34.1328887, -25.9756734, 20.0750687, -16.1656987, 14.1927004, -15.2678327, 17.0602659, -16.8995021, 15.7161684, -13.822811, 11.4333672, -8.81897313, 6.29521121, -4.13103518, 2.47008163, -1.32996564, 0.639071152, -0.273231824, 0.106916309, -0.0420508624, 0.0187698439, -0.0111006962, 0.00992429512, -0.0123249664, 0.0186998465, -0.0326092573, 0.057717634, -0.0969982177, 0.153783185, -0.227885973, 0.310224648, -0.380128095, 0.411228888, -0.396255144, 0.354644668, -0.310257113, 0.283963473, -0.289167689], [-0.200301965, 0.257682378, -0.350348159, 0.4875533, -0.721492267, 6.87002013, -7.14851657, 4.2061665, -14.2127412, 40.450565, -99.1872327, 219.138117, -446.952065, 841.363191, -1436.47344, 2183.94299, -2873.37292, 3196.40829, -2978.92089, 2352.14477, -1627.52591, 1028.28898, -623.212922, 395.773974, -263.701144, 185.439745, -138.487493, 112.607817, -94.35156, 75.4228598, -58.8869854, 45.2609409, -34.4603071, 26.2293522, -20.2732117, 16.3262576, -14.334182, 15.4203555, -17.2308705, 17.0685913, -15.873445, 13.961119, -11.5477095, 8.9070866, -6.35801021, 4.17213966, -2.49455525, 1.34304611, -0.645270054, 0.275805033, -0.107847724, 0.0423247303, -0.0187438967, 0.0107990404, -0.0090932816, 0.0103346795, -0.0142623698, 0.0229646718, -0.0384500248, 0.0622359291, -0.0962560278, 0.140349585, -0.189051953, 0.230044988, -0.247719551, 0.237965963, -0.212551413, 0.185710523, -0.169838412, 0.172873452], [0.109067981, -0.140283354, 0.190713592, -0.265392081, 0.392729149, -3.73963003, 3.8912524, -2.29008792, 7.74416188, -22.0738387, 54.2666067, -120.393063, 247.129676, -469.65828, 812.996057, -1260.64836, 1704.50412, -1967.84851, 1928.35701, -1627.52591, 1219.10069, -831.844037, 537.735167, -356.901377, 244.519654, -174.853118, 131.867143, -107.835556, 90.638171, -72.5915446, 56.7410015, -43.6415302, 33.2411435, -25.3077265, 19.5638077, -15.7563792, 13.8345747, -14.8833589, 16.6310924, -16.4746215, 15.3211452, -13.4753807, 11.1459247, -8.59713851, 6.13670977, -4.02685994, 2.40762883, -1.29618699, 0.622703823, -0.266112641, 0.104011665, -0.0407628134, 0.0179615011, -0.0101716789, 0.0082096121, -0.00868620447, 0.0109459669, -0.0160851604, 0.0250101025, -0.0382795912, 0.0568867883, -0.0806934387, 0.106686379, -0.128196094, 0.136878172, -0.130738714, 0.116339101, -0.101403444, 0.0925993901, -0.0941742359], [-0.0571103369, 0.0734260637, -0.0998044044, 0.138875191, -0.205503289, 1.956851, -2.03619987, 1.19852707, -4.0551284, 11.5710722, -28.4987297, 63.4129225, -130.762057, 250.205981, -437.447484, 688.151229, -949.53216, 1127.85089, -1150.50516, 1028.28898, -831.844037, 621.433878, -437.951281, 309.616796, -220.996727, 162.0161, -123.98881, 102.25964, -86.3586688, 69.3605989, -54.3083126, 41.813623, -31.8687281, 24.2719832, -18.7673777, 15.1169864, -13.2742352, 14.2812249, -15.9586499, 15.8087561, -14.7020441, 12.9309348, -10.6956198, 8.24980106, -5.88875457, 3.86412244, -2.31029553, 1.24375339, -0.597484558, 0.255308699, -0.0997628937, 0.0390658097, -0.0171624555, 0.00961879819, -0.00755785914, 0.00760798293, -0.00891234468, 0.012004092, -0.0171704232, 0.0244363496, -0.0342621527, 0.046524693, -0.0596086364, 0.0700596233, -0.0736634311, 0.0696199744, -0.06151892, 0.0533778778, -0.0486064279, 0.0493532378], [0.0300043934, -0.0385457977, 0.0523751827, -0.0728681474, 0.10782214, -1.02669988, 1.0683346, -0.628899305, 2.12868234, -6.07887725, 14.9921313, -33.4320153, 69.1716407, -133.023806, 234.291215, -372.528658, 521.89617, -633.376584, 666.352185, -623.212922, 537.735167, -437.951281, 342.451498, -264.472224, 200.747766, -152.95384, 119.776589, -100.123858, 85.1914352, -68.7323939, 53.9630886, -41.6162264, 31.7498288, -24.1959297, 18.7153101, -15.0782914, 13.2419567, -14.2475925, 15.9217114, -15.7725764, 14.6686437, -12.9016952, 10.6715021, -8.23122346, 5.87549457, -3.85540982, 2.30506974, -1.2409225, 0.596108162, -0.254705611, 0.0995125065, -0.0389496676, 0.0170822976, -0.00951668152, 0.00735930157, -0.00717828375, 0.00798947588, -0.010030479, 0.0132573689, -0.0174050698, 0.0226532698, -0.0288845121, 0.0352110694, -0.0398575538, 0.0407711637, -0.0377852078, 0.0329457131, -0.0283354661, 0.0256607895, -0.0259722404], [-0.017358816, 0.0222681748, -0.0302382467, 0.042058455, -0.0622269342, 0.592516625, -0.616544733, 0.36296649, -1.228883, 3.51115683, -8.66720402, 19.3554733, -40.1360029, 77.4420349, -137.060223, 219.470755, -310.564969, 382.29494, -410.51405, 395.773974, -356.901377, 309.616796, -264.472224, 226.579971, -187.371545, 151.259744, -122.747894, 104.803831, -90.2403991, 73.3307667, -57.8240629, 44.7112542, -34.165402, 26.0618012, -20.1701741, 16.2560319, -14.2792027, 15.3655057, -17.1721008, 17.0119742, -15.8217334, 13.9161391, -11.5107243, 8.87860393, -6.33762394, 4.15865685, -2.48637016, 1.33851654, -0.642981275, 0.274725427, -0.107326013, 0.0419978508, -0.0184029345, 0.0102205294, -0.00783722035, 0.00751345672, -0.00811577369, 0.0097367365, -0.0121451431, 0.0148937405, -0.0180208519, 0.0214027877, -0.0244846882, 0.0262810888, -0.0257746927, 0.0231370115, -0.0197208839, 0.0167017458, -0.0149769989, 0.0150717216], [0.0109385859, -0.0139961301, 0.0189839248, -0.026392222, 0.0390408649, -0.371717381, 0.386790879, -0.227714882, 0.77109486, -2.20390044, 5.44337187, -12.1671915, 25.2658056, -48.8528056, 86.7278027, -139.494695, 198.644792, -246.720252, 268.358267, -263.701144, 244.519654, -220.996727, 200.747766, -187.371545, 172.108288, -151.190647, 129.743949, -114.633343, 100.646569, -82.7624039, 65.732889, -51.04916, 39.1117958, -29.8827014, 23.1495397, -18.66796, 16.4034526, -17.6549921, 19.7329204, -19.5503002, 18.1833124, -15.9937792, 13.2295146, -10.2045027, 7.28412579, -4.77976229, 2.85772159, -1.53842883, 0.739008703, -0.315750266, 0.123348208, -0.0482614818, 0.0211378381, -0.0117202489, 0.00894718345, -0.00849787457, 0.00902637213, -0.0105407274, 0.0126647936, -0.0147876151, 0.0168598399, -0.0187411097, 0.0200355633, -0.0201688813, 0.0186907714, -0.0160093759, 0.013166577, -0.010869985, 0.00958455513, -0.00954853554], [-0.00747570651, 0.00952245176, -0.0128902248, 0.0179055168, -0.0264780621, 0.252072906, -0.262293513, 0.154419641, -0.522952861, 1.494978, -3.69370105, 8.26088669, -17.1689164, 33.2395907, -59.1201766, 95.3474259, -136.298201, 170.201182, -186.566467, 185.439745, -174.853118, 162.0161, -152.95384, 151.259744, -151.190647, 147.779747, -137.937588, 128.759253, -116.746133, 97.9240891, -78.7239336, 61.5916136, -47.4011513, 36.3144189, -28.1780097, 22.7451571, -19.997725, 21.5310288, -24.0696078, 23.8497306, -22.1838809, 19.5136515, -16.1416055, 12.4510227, -8.88786739, 5.8321809, -3.48696337, 1.87718113, -0.901733179, 0.38527381, -0.150504649, 0.0588828674, -0.0257835102, 0.0142836233, -0.0108779079, 0.0102793744, -0.0108175517, 0.0124381995, -0.0146104123, 0.0165255723, -0.0180626139, 0.0190514473, -0.0191666123, 0.0180710563, -0.0156836984, 0.0126400236, -0.00987712924, 0.00783930047, -0.00672483469, 0.00658649282], [0.00553880378, -0.0070011041, 0.00944449457, -0.0131000583, 0.0193607141, -0.184275004, 0.191744941, -0.11288187, 0.382304147, -1.09303305, 2.70115629, -6.04308271, 12.565975, -24.3466197, 43.350978, -70.0270894, 100.329321, -125.684408, 138.397107, -138.487493, 131.867143, -123.98881, 119.776589, -122.747894, 129.743949, -137.937588, 143.3813, -145.51497, 139.004345, -120.507935, 98.8824515, -78.3402728, 60.7539497, -46.7603911, 36.3849753, -29.418939, 25.8912203, -27.8931191, 31.1917058, -30.9131624, 28.7578646, -25.2986311, 20.9281902, -16.143879, 11.5242483, -7.56230594, 4.52143259, -2.43409882, 1.16926158, -0.499577364, 0.195154743, -0.0763489004, 0.0334270229, -0.0185091511, 0.0140773999, -0.0132657009, 0.013888051, -0.0158287829, 0.0183485745, -0.0203542233, 0.021645688, -0.0220032459, 0.0211163759, -0.0188054122, 0.0152966481, -0.0115113906, 0.00842827243, -0.00632679779, 0.00520295296, -0.00495677208], [-0.00455076431, 0.00567815322, -0.00761480877, 0.0105357974, -0.015555444, 0.148000312, -0.153997307, 0.09065245, -0.307027299, 0.877872099, -2.16970081, 4.85503986, -10.0985715, 19.5747028, -34.8767457, 56.3907969, -80.8987667, 101.531257, -112.096856, 112.607817, -107.835556, 102.25964, -100.123858, 104.803831, -114.633343, 128.759253, -145.51497, 164.322041, -169.890573, 155.359029, -131.891071, 106.725893, -83.849277, 65.0480893, -50.8569127, 41.2379507, -36.3550847, 39.2062724, -43.8665667, 43.490247, -40.4675058, 35.6052727, -29.4573974, 22.7248695, -16.2228483, 10.6459161, -6.36523574, 3.42675443, -1.64611559, 0.70332023, -0.27474409, 0.107484067, -0.0470551248, 0.0260483679, -0.0197969755, 0.018626421, -0.0194435898, 0.0220502129, -0.0253656611, 0.0278159641, -0.0290858464, 0.0288666229, -0.0268082652, 0.0228589778, -0.0175963559, 0.0123934783, -0.00844328871, 0.00590749777, -0.00457637279, 0.00417758965], [0.00392260376, -0.00479863947, 0.0063763567, -0.00878753114, 0.0129537373, -0.12317227, 0.128159908, -0.0754328138, 0.255482907, -0.730519912, 1.80563296, -4.04081722, 8.40636986, -16.2986319, 29.0501423, -46.994408, 67.4680547, -84.7624363, 93.7205939, -94.35156, 90.638171, -86.3586688, 85.1914352, -90.2403991, 100.646569, -116.746133, 139.004345, -169.890573, 192.899192, -190.074776, 169.777567, -141.927906, 113.787521, -89.3760677, 70.4050773, -57.3475077, 50.6941545, -54.7588615, 61.3206192, -60.8287267, 56.6218418, -49.8309185, 41.2335735, -31.8131659, 22.7125533, -14.9054355, 8.91233668, -4.79811265, 2.30491272, -0.984807058, 0.384704781, -0.150501194, 0.0658848937, -0.0364667823, 0.0277041279, -0.0260440881, 0.0271438112, -0.030698945, 0.0351663368, -0.0383157076, 0.0396802102, -0.0388281009, 0.0353349912, -0.0292801019, 0.0216676058, -0.0144774988, 0.00924076377, -0.00600897196, 0.00433448525, -0.00373671253], [-0.00330193369, 0.00391746708, -0.00512890258, 0.00702281459, -0.0103253847, 0.0980820813, -0.102049339, 0.0600508541, -0.203384754, 0.581563252, -1.43751114, 3.21720598, -6.69362605, 12.97982, -23.1398097, 37.44496, -53.7819727, 67.6099752, -74.8213349, 75.4228598, -72.5915446, 69.3605989, -68.7323939, 73.3307667, -82.7624039, 97.9240891, -120.507935, 155.359029, -190.074776, 205.363992, -197.549024, 173.737251, -143.893333, 115.330383, -91.9779406, 75.4790089, -67.0205827, 72.5890357, -81.4031825, 80.8252412, -75.2814723, 66.2796307, -54.8594387, 42.3338931, -30.2275209, 19.8389644, -11.8629199, 6.38686562, -3.06819687, 1.31095253, -0.512114373, 0.200345135, -0.0877031732, 0.048538971, -0.0368669101, 0.0346406201, -0.0360696885, 0.0407280145, -0.0465378294, 0.0505095381, -0.0520017771, 0.0504401924, -0.0453113581, 0.0368396639, -0.0265150111, 0.0170181246, -0.010277776, 0.00622556867, -0.00414493879, 0.00331831872], [0.00280325718, -0.00317687012, 0.00406280105, -0.00550479055, 0.00805876458, -0.0764244613, 0.0795100136, -0.046769729, 0.158399822, -0.452935352, 1.1195921, -2.50578573, 5.21377674, -10.1111023, 18.0279472, -29.1784141, 41.9199202, -52.7177168, 58.3716812, -58.8869854, 56.7410015, -54.3083126, 53.9630886, -57.8240629, 65.732889, -78.7239336, 98.8824515, -131.891071, 169.777567, -197.549024, 208.240861, -197.215003, 171.840888, -142.277063, 115.772663, -96.1730922, 86.0260591, -93.5877096, 105.198944, -104.612732, 97.5361751, -85.9312152, 71.1573377, -54.9276022, 39.2280333, -25.7499037, 15.3989402, -8.29116997, 3.9831837, -1.70194758, 0.664864342, -0.260103967, 0.113862004, -0.0630133731, 0.0478540743, -0.0449509958, 0.0467793869, -0.0527698585, 0.0602066832, -0.0651925393, 0.0668793747, -0.0645218065, 0.0574930723, -0.0461764029, 0.0326244731, -0.0203523848, 0.0117798013, -0.0067120155, 0.00412546874, -0.00302842315], [-0.00244746517, 0.00259902302, -0.00320539265, 0.00426987448, -0.006206809, 0.058700014, -0.061062688, 0.0358956482, -0.12156616, 0.347610243, -0.859251792, 1.92315302, -4.00163668, 7.76080939, -13.8384969, 22.4002935, -32.1871242, 40.4870604, -44.8436915, 45.2609409, -43.6415302, 41.813623, -41.6162264, 44.7112542, -51.04916, 61.5916136, -78.3402728, 106.725893, -141.927906, 173.737251, -197.215003, 204.717709, -192.147303, 167.392659, -140.697261, 119.235339, -107.954239, 118.307128, -133.504587, 133.099416, -124.304718, 109.637664, -90.8566063, 70.1698076, -50.1312317, 32.9148232, -19.6869135, 10.6010911, -5.09327234, 2.17637178, -0.85022118, 0.332622108, -0.145606821, 0.0805792618, -0.0611890393, 0.0574667957, -0.0597843119, 0.0674010363, -0.0768301128, 0.0830753439, -0.085040438, 0.081772413, -0.0725002764, 0.0577845706, -0.0403410231, 0.0246914424, -0.0138653997, 0.00753270709, -0.0043129306, 0.00289172325], [0.00223862671, -0.00218187209, 0.00254953152, -0.0033055909, 0.00474957166, -0.0447134216, 0.0465038837, -0.027308088, 0.0924758803, -0.264424404, 0.653626558, -1.4629436, 3.04410803, -5.90395659, 10.5279904, -17.0427623, 24.4912244, -30.8108504, 34.1328887, -34.4603071, 33.2411435, -31.8687281, 31.7498288, -34.165402, 39.1117958, -47.4011513, 60.7539497, -83.849277, 113.787521, -143.893333, 171.840888, -192.147303, 197.848395, -185.772887, 164.319434, -143.830366, 132.835794, -147.348528, 167.355183, -167.555687, 156.922963, -138.666055, 115.057225, -88.9363802, 63.5757603, -41.7588444, 24.983481, -13.4556902, 6.46555049, -2.76296767, 1.07943121, -0.422302844, 0.184865753, -0.102303709, 0.0776819958, -0.072948677, 0.0758753011, -0.0855121666, 0.0974215914, -0.105250879, 0.107599133, -0.103256588, 0.0912676768, -0.072397903, 0.0501645551, -0.0303290286, 0.0166883292, -0.00876122126, 0.00474045096, -0.00292206735], [-0.00218518138, 0.00192190583, -0.00208186036, 0.00258836142, -0.00364923339, 0.0340939321, -0.0354473364, 0.0207781403, -0.0703535353, 0.2011616, -0.497243944, 1.11293097, -2.31582065, 4.49154467, -8.00958512, 12.9664841, -18.6345093, 23.4448096, -25.9756734, 26.2293522, -25.3077265, 24.2719832, -24.1959297, 26.0618012, -29.8827014, 36.3144189, -46.7603911, 65.0480893, -89.3760677, 115.330383, -142.277063, 167.392659, -185.772887, 191.59253, -182.768014, 168.369997, -160.606231, 181.744647, -208.648564, 210.378268, -197.951544, 175.468906, -145.901608, 112.940272, -80.8140715, 53.1172323, -31.7935178, 17.1287661, -8.23218168, 3.51837876, -1.37466254, 0.537826637, -0.235440002, 0.130290413, -0.098930217, 0.0928962641, -0.0966114876, 0.108859115, -0.123979219, 0.133873933, -0.136752194, 0.131073393, -0.115638402, 0.0914634102, -0.0630811064, 0.0378447187, -0.0205521604, 0.0105430008, -0.00547369168, 0.00314711731], [0.00231703112, -0.00182667292, 0.00179417323, -0.0020960288, 0.00286670671, -0.0264464891, 0.0274809429, -0.0160599432, 0.0543656769, -0.155438646, 0.38421523, -0.859944878, 1.78940288, -3.4705842, 6.18904279, -10.019498, 14.3998047, -18.1178459, 20.0750687, -20.2732117, 19.5638077, -18.7673777, 18.7153101, -20.1701741, 23.1495397, -28.1780097, 36.3849753, -50.8569127, 70.4050773, -91.9779406, 115.772663, -140.697261, 164.319434, -182.768014, 191.684283, -190.5012, 191.258028, -223.584912, 261.272072, -266.549053, 252.771461, -225.239407, 187.950147, -145.840884, 104.528446, -68.7818642, 41.201386, -22.2088444, 10.6773985, -4.56446443, 1.78361601, -0.697873841, 0.30551009, -0.169066804, 0.128371302, -0.120537108, 0.125348707, -0.141221562, 0.160804836, -0.173584911, 0.177232276, -0.169747892, 0.149589649, -0.118108308, 0.0812269894, -0.0484996134, 0.0261225875, -0.013201901, 0.00666390198, -0.00363653047], [-0.00271918456, 0.00193473418, -0.00169660635, 0.00181811153, -0.00237205869, 0.0214337538, -0.0222513378, 0.0129380472, -0.0437807425, 0.125162537, -0.309366633, 0.692408695, -1.44077989, 2.79442605, -4.98329358, 8.06760203, -11.5948098, 14.5890164, -16.1656987, 16.3262576, -15.7563792, 15.1169864, -15.0782914, 16.2560319, -18.66796, 22.7451571, -29.418939, 41.2379507, -57.3475077, 75.4790089, -96.1730922, 119.235339, -143.830366, 168.369997, -190.5012, 208.134609, -225.361788, 277.321428, -333.527123, 346.905979, -333.271595, 299.581026, -251.47291, 195.924402, -140.815539, 92.8361995, -55.6826258, 30.0411276, -14.4514008, 6.18013041, -2.41550097, 0.945219251, -0.41380918, 0.229000788, -0.173877538, 0.163262634, -0.169772466, 0.191256278, -0.217752152, 0.235014745, -0.239884361, 0.229653357, -0.202244178, 0.159512419, -0.109514476, 0.0652010823, -0.0349414941, 0.0174948326, -0.00867144144, 0.00456408445], [0.00364451085, -0.00238191779, 0.00186064995, -0.00178829527, 0.00217654197, -0.0190229262, 0.0197181164, -0.0113688706, 0.0384461194, -0.109893281, 0.271607482, -0.607879604, 1.26487158, -2.45323394, 4.37484745, -7.08260719, 10.1792725, -12.8081414, 14.1927004, -14.334182, 13.8345747, -13.2742352, 13.2419567, -14.2792027, 16.4034526, -19.997725, 25.8912203, -36.3550847, 50.6941545, -67.0205827, 86.0260591, -107.954239, 132.835794, -160.606231, 191.258028, -225.361788, 267.767432, -355.033129, 446.53969, -479.080509, 470.103919, -428.724582, 363.444759, -285.084403, 205.852061, -136.147414, 81.8388784, -44.2179826, 21.2921844, -9.11134949, 3.56251999, -1.39433323, 0.610473068, -0.337840772, 0.256518356, -0.24085556, 0.25045303, -0.282133994, 0.321197191, -0.346622531, 0.353744709, -0.338569213, 0.298040877, -0.234920004, 0.161121489, -0.0957601576, 0.0511622887, -0.025471007, 0.0124822346, -0.00641674481], [-0.00617185674, 0.0037860033, -0.00266622188, 0.00226783828, -0.00250990502, 0.0208330054, -0.0215404431, 0.012248862, -0.0413777434, 0.118239976, -0.292204516, 0.653943064, -1.36068331, 2.63902521, -4.70613946, 7.61894191, -10.9501435, 13.7782057, -15.2678327, 15.4203555, -14.8833589, 14.2812249, -14.2475925, 15.3655057, -17.6549921, 21.5310288, -27.8931191, 39.2062724, -54.7588615, 72.5890357, -93.5877096, 118.307128, -147.348528, 181.744647, -223.584912, 277.321428, -355.033129, 514.703565, -689.593544, 775.4331, -786.692023, 734.297094, -632.578029, 501.74088, -365.090867, 242.749299, -146.448724, 79.3224541, -38.2587591, 16.3889901, -6.41213216, 2.51045256, -1.09927495, 0.608369592, -0.461930547, 0.433723365, -0.45099983, 0.508035709, -0.578352519, 0.624093343, -0.636852902, 0.609438001, -0.536357428, 0.422606141, -0.28967158, 0.171984705, -0.0917203013, 0.0455066064, -0.0221467907, 0.0112178248], [0.0102486833, -0.00605257607, 0.00396893107, -0.00304648561, 0.00305553875, -0.023829185, 0.0245595314, -0.0137153567, 0.0462659097, -0.132159156, 0.326554499, -0.730765241, 1.52047315, -2.9488745, 5.25863057, -8.51334376, 12.2355859, -15.3956697, 17.0602659, -17.2308705, 16.6310924, -15.9586499, 15.9217114, -17.1721008, 19.7329204, -24.0696078, 31.1917058, -43.8665667, 61.3206192, -81.4031825, 105.198944, -133.504587, 167.355183, -208.648564, 261.272072, -333.527123, 446.53969, -689.593544, 982.104526, -1163.80202, 1228.95832, -1180.93186, 1038.52515, -835.728418, 614.28717, -411.311139, 249.338957, -135.49564, 65.4953439, -28.0959404, 11.0017472, -4.30921815, 1.88723297, -1.04449895, 0.793089623, -0.74466078, 0.774318012, -0.872231155, 0.992934956, -1.07142851, 1.09327705, -1.0461305, 0.920570238, -0.725193775, 0.496921097, -0.294875584, 0.157109791, -0.0778098361, 0.037729785, -0.0189600234], [-0.0151015145, 0.00868577289, -0.00539277989, 0.00377434494, -0.00339734104, 0.0244177437, -0.0250524284, 0.0136284644, -0.045875873